Patch	Type	Line Name
1	Source	250.1,249.1,248.1,247.1
2	Source	246.1,245.1,244.1,243.1
3	Source	242.1,241.1,240.1,239.1
4	Source	238.1,237.1,236.1,235.1
5	Source	234.1,233.1,232.1,231.1
6	Source	230.1,229.1,228.1,227.1
7	Source	226.1,225.1,224.1,223.1
8	Source	222.1,221.1,220.1,219.1
9	Source	218.1,217.1,216.1,215.1
10	Source	214.1,213.1,212.1,211.1
11	Source	210.1,209.1,208.1,207.1
12	Source	206.1,205.1,204.1,203.1
13	Source	202.1,201.1,200.1,199.1
14	Source	198.1,197.1,196.1,195.1
15	Source	194.1,193.1,192.1,191.1
16	Source	190.1,189.1,188.1,187.1
17	Source	186.1,185.1,184.1,183.1
18	Source	182.1,181.1,180.1,179.1
19	Source	178.1,177.1,176.1,175.1
20	Source	174.1,173.1,172.1,171.1
21	Source	170.1,169.1,168.1,167.1
22	Source	166.1,165.1,164.1,163.1
23	Source	162.1,161.1,160.1,159.1
24	Source	158.1,157.1,156.1,155.1
25	Source	154.1,153.1,152.1,151.1
26	Source	150.1,149.1,148.1,147.1
27	Source	146.1,145.1,144.1,143.1
28	Source	142.1,141.1,140.1,139.1
29	Source	138.1,137.1,136.1,135.1
30	Source	134.1,133.1,132.1,131.1
31	Source	130.1,129.1,128.1,127.1
32	Source	126.1,125.1,124.1,123.1
33	Source	122.1,121.1,120.1,119.1
34	Source	118.1,117.1,116.1,115.1
35	Source	114.1,113.1,112.1,111.1
36	Source	110.1,109.1,108.1,107.1
37	Source	106.1,105.1,104.1,103.1
38	Source	102.1,101.1,100.1,99.1
39	Source	98.1,97.1,96.1,95.1
40	Source	94.1,93.1,92.1,91.1
41	Source	90.1,89.1,88.1,87.1
42	Source	86.1,85.1,84.1,83.1
43	Source	82.1,81.1,80.1,79.1
44	Source	78.1,77.1,76.1,75.1
45	Source	74.1,73.1,72.1,71.1
46	Source	70.1,69.1,68.1,67.1
47	Source	66.1,65.1,64.1,63.1
48	Source	62.1,61.1,60.1,59.1
49	Source	58.1,57.1,56.1,55.1
50	Source	54.1,53.1,52.1,51.1
51	Source	50.1,49.1,48.1,47.1
52	Source	46.1,45.1,44.1,43.1
53	Source	42.1,41.1,40.1,39.1
54	Source	38.1,37.1,36.1,35.1
55	Source	34.1,33.1,32.1,31.1
56	Source	30.1,29.1,28.1,27.1
57	Source	26.1,25.1,24.1,23.1
58	Source	22.1,21.1,20.1,19.1
59	Source	18.1,17.1,16.1,15.1
60	Source	14.1,13.1,12.1,11.1
61	Source	10.1,9.1,8.1,7.1
62	Source	6.1,5.1,4.1,3.1
1	Receiver	44.1,45.1,46.1,47.1,48.1,49.1,50.1,51.1,52.1,53.1
2	Receiver	42.1,43.1,44.1,45.1,46.1,47.1,48.1,49.1,50.1,51.1,52.1,53.1
3	Receiver	41.1,42.1,43.1,44.1,45.1,46.1,47.1,48.1,49.1,50.1,51.1,52.1,53.1
4	Receiver	40.1,41.1,42.1,43.1,44.1,45.1,46.1,47.1,48.1,49.1,50.1,51.1,52.1,53.1
5	Receiver	39.1,40.1,41.1,42.1,43.1,44.1,45.1,46.1,47.1,48.1,49.1,50.1,51.1,52.1,53.1
6	Receiver	38.1,39.1,40.1,41.1,42.1,43.1,44.1,45.1,46.1,47.1,48.1,49.1,50.1,51.1,52.1,53.1
7	Receiver	37.1,38.1,39.1,40.1,41.1,42.1,43.1,44.1,45.1,46.1,47.1,48.1,49.1,50.1,51.1,52.1,53.1
8	Receiver	36.1,37.1,38.1,39.1,40.1,41.1,42.1,43.1,44.1,45.1,46.1,47.1,48.1,49.1,50.1,51.1,52.1,53.1
9	Receiver	35.1,36.1,37.1,38.1,39.1,40.1,41.1,42.1,43.1,44.1,45.1,46.1,47.1,48.1,49.1,50.1,51.1,52.1,53.1
10	Receiver	34.1,35.1,36.1,37.1,38.1,39.1,40.1,41.1,42.1,43.1,44.1,45.1,46.1,47.1,48.1,49.1,50.1,51.1,52.1,53.1
11	Receiver	33.1,34.1,35.1,36.1,37.1,38.1,39.1,40.1,41.1,42.1,43.1,44.1,45.1,46.1,47.1,48.1,49.1,50.1,51.1,52.1,53.1
12	Receiver	32.1,33.1,34.1,35.1,36.1,37.1,38.1,39.1,40.1,41.1,42.1,43.1,44.1,45.1,46.1,47.1,48.1,49.1,50.1,51.1,52.1,53.1
13	Receiver	31.1,32.1,33.1,34.1,35.1,36.1,37.1,38.1,39.1,40.1,41.1,42.1,43.1,44.1,45.1,46.1,47.1,48.1,49.1,50.1,51.1,52.1,53.1
14	Receiver	30.1,31.1,32.1,33.1,34.1,35.1,36.1,37.1,38.1,39.1,40.1,41.1,42.1,43.1,44.1,45.1,46.1,47.1,48.1,49.1,50.1,51.1,52.1,53.1
15	Receiver	29.1,30.1,31.1,32.1,33.1,34.1,35.1,36.1,37.1,38.1,39.1,40.1,41.1,42.1,43.1,44.1,45.1,46.1,47.1,48.1,49.1,50.1,51.1,52.1,53.1
16	Receiver	28.1,29.1,30.1,31.1,32.1,33.1,34.1,35.1,36.1,37.1,38.1,39.1,40.1,41.1,42.1,43.1,44.1,45.1,46.1,47.1,48.1,49.1,50.1,51.1,52.1,53.1
17	Receiver	27.1,28.1,29.1,30.1,31.1,32.1,33.1,34.1,35.1,36.1,37.1,38.1,39.1,40.1,41.1,42.1,43.1,44.1,45.1,46.1,47.1,48.1,49.1,50.1,51.1,52.1,53.1
18	Receiver	26.1,27.1,28.1,29.1,30.1,31.1,32.1,33.1,34.1,35.1,36.1,37.1,38.1,39.1,40.1,41.1,42.1,43.1,44.1,45.1,46.1,47.1,48.1,49.1,50.1,51.1,52.1,53.1
19	Receiver	25.1,26.1,27.1,28.1,29.1,30.1,31.1,32.1,33.1,34.1,35.1,36.1,37.1,38.1,39.1,40.1,41.1,42.1,43.1,44.1,45.1,46.1,47.1,48.1,49.1,50.1,51.1,52.1,53.1
20	Receiver	24.1,25.1,26.1,27.1,28.1,29.1,30.1,31.1,32.1,33.1,34.1,35.1,36.1,37.1,38.1,39.1,40.1,41.1,42.1,43.1,44.1,45.1,46.1,47.1,48.1,49.1,50.1,51.1,52.1,53.1
21	Receiver	23.1,24.1,25.1,26.1,27.1,28.1,29.1,30.1,31.1,32.1,33.1,34.1,35.1,36.1,37.1,38.1,39.1,40.1,41.1,42.1,43.1,44.1,45.1,46.1,47.1,48.1,49.1,50.1,51.1,52.1,53.1
22	Receiver	22.1,23.1,24.1,25.1,26.1,27.1,28.1,29.1,30.1,31.1,32.1,33.1,34.1,35.1,36.1,37.1,38.1,39.1,40.1,41.1,42.1,43.1,44.1,45.1,46.1,47.1,48.1,49.1,50.1,51.1,52.1,53.1
23	Receiver	21.1,22.1,23.1,24.1,25.1,26.1,27.1,28.1,29.1,30.1,31.1,32.1,33.1,34.1,35.1,36.1,37.1,38.1,39.1,40.1,41.1,42.1,43.1,44.1,45.1,46.1,47.1,48.1,49.1,50.1,51.1,52.1,53.1
24	Receiver	20.1,21.1,22.1,23.1,24.1,25.1,26.1,27.1,28.1,29.1,30.1,31.1,32.1,33.1,34.1,35.1,36.1,37.1,38.1,39.1,40.1,41.1,42.1,43.1,44.1,45.1,46.1,47.1,48.1,49.1,50.1,51.1,52.1,53.1
25	Receiver	19.1,20.1,21.1,22.1,23.1,24.1,25.1,26.1,27.1,28.1,29.1,30.1,31.1,32.1,33.1,34.1,35.1,36.1,37.1,38.1,39.1,40.1,41.1,42.1,43.1,44.1,45.1,46.1,47.1,48.1,49.1,50.1,51.1,52.1,53.1
26	Receiver	18.1,19.1,20.1,21.1,22.1,23.1,24.1,25.1,26.1,27.1,28.1,29.1,30.1,31.1,32.1,33.1,34.1,35.1,36.1,37.1,38.1,39.1,40.1,41.1,42.1,43.1,44.1,45.1,46.1,47.1,48.1,49.1,50.1,51.1,52.1,53.1
27	Receiver	17.1,18.1,19.1,20.1,21.1,22.1,23.1,24.1,25.1,26.1,27.1,28.1,29.1,30.1,31.1,32.1,33.1,34.1,35.1,36.1,37.1,38.1,39.1,40.1,41.1,42.1,43.1,44.1,45.1,46.1,47.1,48.1,49.1,50.1,51.1,52.1,53.1
28	Receiver	16.1,17.1,18.1,19.1,20.1,21.1,22.1,23.1,24.1,25.1,26.1,27.1,28.1,29.1,30.1,31.1,32.1,33.1,34.1,35.1,36.1,37.1,38.1,39.1,40.1,41.1,42.1,43.1,44.1,45.1,46.1,47.1,48.1,49.1,50.1,51.1,52.1,53.1
29	Receiver	15.1,16.1,17.1,18.1,19.1,20.1,21.1,22.1,23.1,24.1,25.1,26.1,27.1,28.1,29.1,30.1,31.1,32.1,33.1,34.1,35.1,36.1,37.1,38.1,39.1,40.1,41.1,42.1,43.1,44.1,45.1,46.1,47.1,48.1,49.1,50.1,51.1,52.1,53.1
30	Receiver	14.1,15.1,16.1,17.1,18.1,19.1,20.1,21.1,22.1,23.1,24.1,25.1,26.1,27.1,28.1,29.1,30.1,31.1,32.1,33.1,34.1,35.1,36.1,37.1,38.1,39.1,40.1,41.1,42.1,43.1,44.1,45.1,46.1,47.1,48.1,49.1,50.1,51.1,52.1,53.1
31	Receiver	13.1,14.1,15.1,16.1,17.1,18.1,19.1,20.1,21.1,22.1,23.1,24.1,25.1,26.1,27.1,28.1,29.1,30.1,31.1,32.1,33.1,34.1,35.1,36.1,37.1,38.1,39.1,40.1,41.1,42.1,43.1,44.1,45.1,46.1,47.1,48.1,49.1,50.1,51.1,52.1
32	Receiver	12.1,13.1,14.1,15.1,16.1,17.1,18.1,19.1,20.1,21.1,22.1,23.1,24.1,25.1,26.1,27.1,28.1,29.1,30.1,31.1,32.1,33.1,34.1,35.1,36.1,37.1,38.1,39.1,40.1,41.1,42.1,43.1,44.1,45.1,46.1,47.1,48.1,49.1,50.1,51.1
33	Receiver	11.1,12.1,13.1,14.1,15.1,16.1,17.1,18.1,19.1,20.1,21.1,22.1,23.1,24.1,25.1,26.1,27.1,28.1,29.1,30.1,31.1,32.1,33.1,34.1,35.1,36.1,37.1,38.1,39.1,40.1,41.1,42.1,43.1,44.1,45.1,46.1,47.1,48.1,49.1,50.1
34	Receiver	11.1,12.1,13.1,14.1,15.1,16.1,17.1,18.1,19.1,20.1,21.1,22.1,23.1,24.1,25.1,26.1,27.1,28.1,29.1,30.1,31.1,32.1,33.1,34.1,35.1,36.1,37.1,38.1,39.1,40.1,41.1,42.1,43.1,44.1,45.1,46.1,47.1,48.1,49.1
35	Receiver	11.1,12.1,13.1,14.1,15.1,16.1,17.1,18.1,19.1,20.1,21.1,22.1,23.1,24.1,25.1,26.1,27.1,28.1,29.1,30.1,31.1,32.1,33.1,34.1,35.1,36.1,37.1,38.1,39.1,40.1,41.1,42.1,43.1,44.1,45.1,46.1,47.1,48.1
36	Receiver	11.1,12.1,13.1,14.1,15.1,16.1,17.1,18.1,19.1,20.1,21.1,22.1,23.1,24.1,25.1,26.1,27.1,28.1,29.1,30.1,31.1,32.1,33.1,34.1,35.1,36.1,37.1,38.1,39.1,40.1,41.1,42.1,43.1,44.1,45.1,46.1,47.1
37	Receiver	11.1,12.1,13.1,14.1,15.1,16.1,17.1,18.1,19.1,20.1,21.1,22.1,23.1,24.1,25.1,26.1,27.1,28.1,29.1,30.1,31.1,32.1,33.1,34.1,35.1,36.1,37.1,38.1,39.1,40.1,41.1,42.1,43.1,44.1,45.1,46.1
38	Receiver	11.1,12.1,13.1,14.1,15.1,16.1,17.1,18.1,19.1,20.1,21.1,22.1,23.1,24.1,25.1,26.1,27.1,28.1,29.1,30.1,31.1,32.1,33.1,34.1,35.1,36.1,37.1,38.1,39.1,40.1,41.1,42.1,43.1,44.1,45.1
39	Receiver	11.1,12.1,13.1,14.1,15.1,16.1,17.1,18.1,19.1,20.1,21.1,22.1,23.1,24.1,25.1,26.1,27.1,28.1,29.1,30.1,31.1,32.1,33.1,34.1,35.1,36.1,37.1,38.1,39.1,40.1,41.1,42.1,43.1,44.1
40	Receiver	11.1,12.1,13.1,14.1,15.1,16.1,17.1,18.1,19.1,20.1,21.1,22.1,23.1,24.1,25.1,26.1,27.1,28.1,29.1,30.1,31.1,32.1,33.1,34.1,35.1,36.1,37.1,38.1,39.1,40.1,41.1,42.1,43.1
41	Receiver	11.1,12.1,13.1,14.1,15.1,16.1,17.1,18.1,19.1,20.1,21.1,22.1,23.1,24.1,25.1,26.1,27.1,28.1,29.1,30.1,31.1,32.1,33.1,34.1,35.1,36.1,37.1,38.1,39.1,40.1,41.1,42.1
42	Receiver	11.1,12.1,13.1,14.1,15.1,16.1,17.1,18.1,19.1,20.1,21.1,22.1,23.1,24.1,25.1,26.1,27.1,28.1,29.1,30.1,31.1,32.1,33.1,34.1,35.1,36.1,37.1,38.1,39.1,40.1,41.1
43	Receiver	11.1,12.1,13.1,14.1,15.1,16.1,17.1,18.1,19.1,20.1,21.1,22.1,23.1,24.1,25.1,26.1,27.1,28.1,29.1,30.1,31.1,32.1,33.1,34.1,35.1,36.1,37.1,38.1,39.1,40.1
44	Receiver	11.1,12.1,13.1,14.1,15.1,16.1,17.1,18.1,19.1,20.1,21.1,22.1,23.1,24.1,25.1,26.1,27.1,28.1,29.1,30.1,31.1,32.1,33.1,34.1,35.1,36.1,37.1,38.1,39.1
45	Receiver	11.1,12.1,13.1,14.1,15.1,16.1,17.1,18.1,19.1,20.1,21.1,22.1,23.1,24.1,25.1,26.1,27.1,28.1,29.1,30.1,31.1,32.1,33.1,34.1,35.1,36.1,37.1,38.1
46	Receiver	11.1,12.1,13.1,14.1,15.1,16.1,17.1,18.1,19.1,20.1,21.1,22.1,23.1,24.1,25.1,26.1,27.1,28.1,29.1,30.1,31.1,32.1,33.1,34.1,35.1,36.1,37.1
47	Receiver	11.1,12.1,13.1,14.1,15.1,16.1,17.1,18.1,19.1,20.1,21.1,22.1,23.1,24.1,25.1,26.1,27.1,28.1,29.1,30.1,31.1,32.1,33.1,34.1,35.1,36.1
48	Receiver	11.1,12.1,13.1,14.1,15.1,16.1,17.1,18.1,19.1,20.1,21.1,22.1,23.1,24.1,25.1,26.1,27.1,28.1,29.1,30.1,31.1,32.1,33.1,34.1,35.1
49	Receiver	11.1,12.1,13.1,14.1,15.1,16.1,17.1,18.1,19.1,20.1,21.1,22.1,23.1,24.1,25.1,26.1,27.1,28.1,29.1,30.1,31.1,32.1,33.1,34.1
50	Receiver	11.1,12.1,13.1,14.1,15.1,16.1,17.1,18.1,19.1,20.1,21.1,22.1,23.1,24.1,25.1,26.1,27.1,28.1,29.1,30.1,31.1,32.1,33.1
51	Receiver	11.1,12.1,13.1,14.1,15.1,16.1,17.1,18.1,19.1,20.1,21.1,22.1,23.1,24.1,25.1,26.1,27.1,28.1,29.1,30.1,31.1,32.1
52	Receiver	11.1,12.1,13.1,14.1,15.1,16.1,17.1,18.1,19.1,20.1,21.1,22.1,23.1,24.1,25.1,26.1,27.1,28.1,29.1,30.1,31.1
53	Receiver	11.1,12.1,13.1,14.1,15.1,16.1,17.1,18.1,19.1,20.1,21.1,22.1,23.1,24.1,25.1,26.1,27.1,28.1,29.1,30.1
54	Receiver	11.1,12.1,13.1,14.1,15.1,16.1,17.1,18.1,19.1,20.1,21.1,22.1,23.1,24.1,25.1,26.1,27.1,28.1,29.1
55	Receiver	11.1,12.1,13.1,14.1,15.1,16.1,17.1,18.1,19.1,20.1,21.1,22.1,23.1,24.1,25.1,26.1,27.1,28.1
56	Receiver	11.1,12.1,13.1,14.1,15.1,16.1,17.1,18.1,19.1,20.1,21.1,22.1,23.1,24.1,25.1,26.1,27.1
57	Receiver	11.1,12.1,13.1,14.1,15.1,16.1,17.1,18.1,19.1,20.1,21.1,22.1,23.1,24.1,25.1,26.1
58	Receiver	11.1,12.1,13.1,14.1,15.1,16.1,17.1,18.1,19.1,20.1,21.1,22.1,23.1,24.1,25.1
59	Receiver	11.1,12.1,13.1,14.1,15.1,16.1,17.1,18.1,19.1,20.1,21.1,22.1,23.1,24.1
60	Receiver	11.1,12.1,13.1,14.1,15.1,16.1,17.1,18.1,19.1,20.1,21.1,22.1,23.1
61	Receiver	11.1,12.1,13.1,14.1,15.1,16.1,17.1,18.1,19.1,20.1,21.1,22.1,23.1
62	Receiver	11.1,12.1,13.1,14.1,15.1,16.1,17.1,18.1,19.1,20.1,21.1
